Rcon2=[     01  00 00 00;
            02  00 00 00;
            04  00 00 00;
            08  00 00 00;
            16  00 00 00;
            32  00 00 00;
            64  00 00 00;
           128  00 00 00;
            27  00 00 00;
            54 00 00 00];